200
-31.8616869674 5.04639545812
-30.5305949472 9.91999163607
-28.4629250985 14.5025847047
-25.7167150867 18.6842871911
-22.3661611047 22.3661611047
-18.499629008 25.4625549021
-14.217334061 27.9030891884
-9.62874998026 29.6342452978
-4.84981411166 30.6205211934
9.067762849e-14 30.8451302091
4.80066877505 30.3102297499
9.43458887638 29.0366788649
13.7894580953 27.0633353231
17.7609962759 24.4459141636
21.2554403702 21.2554403702
24.191753979 17.5763380928
26.503499413 13.5042074516
28.1403292154 9.14334722058
29.069063976 4.60408742859
29.2743338823 -3.22656473575e-14
28.7587725325 -4.55494209198
27.5427627825 -8.9491861167
25.6637455478 -13.076331486
23.1751132406 -16.8377053606
20.1447196356 -20.1447196356
16.6530471776 -22.9209530559
12.7910808422 -25.1039096377
8.65794446089 -26.6464131331
4.35836074553 -27.5176067586
2.03733771088e-14 -27.7035375555
-4.30921540891 -27.2073153151
-8.46378335702 -26.0488467001
-12.3632048766 -24.2641557725
-15.9144144454 -21.9043123175
-19.0339989011 -19.0339989011
-21.6501521329 -15.7297562623
-23.7043198623 -12.0779542328
-25.1524970507 -8.17254170121
-25.9661495411 -4.11263406246
-26.1327412287 2.5602702319e-14
-25.6558580977 4.06348872584
-24.5549306178 7.97838059734
-22.8645659971 11.6500782672
-20.6335113944 14.9911235301
-17.9232781666 17.9232781666
-14.8064653471 20.3793512098
-11.3648276234 22.304730087
-7.68713894153 23.6585809683
-3.86690737939 24.4146923237
6.61905592192e-14 24.5619449019
3.81776204277 24.1044008802
7.49297783766 23.0610145354
10.9369516578 21.4649762218
14.0678326149 19.3627104713
16.812557432 16.812557432
19.1085502867 13.8831744318
20.9051403116 10.651701014
22.164664886 7.20173618185
22.8632351063 3.62118069632
22.9911485751 -1.97092255579e-14
22.5529436628 -3.5720353597
21.567098453 -7.00757507798
20.0653864464 -10.2238250484
18.0919095482 -13.1445416996
15.7018366975 -15.7018366975
12.9598835166 -17.8377493636
9.93857440464 -19.5055505363
6.71633342217 -20.6707488036
3.37545401325 -21.3117778889
2.09991514373e-14 -21.4203522483
-3.32630867663 -21.0014864454
-6.5221723183 -20.0731823706
-9.510698439 -18.6657966711
-12.2212507844 -16.8211086252
-14.5911159629 -14.5911159629
-16.5669484406 -12.0365926013
-18.1059607609 -9.22544779524
-19.1768327212 -6.23093066249
-19.7603206714 -3.12972733018
-19.8495559215 1.45852170743e-14
-19.450029228 3.08058199357
-18.5792662883 6.03676955862
-17.2662068957 8.79757182961
-15.5503077021 11.2979598691
-13.4803952284 13.4803952284
-11.1133016861 15.2961475175
-8.51232118585 16.7063709856
-5.74552790281 17.6829166388
-2.88400064711 18.208863454
4.47813630584e-14 18.2787595947
2.8348553105 17.8985720105
5.55136679893 17.0853502059
8.08444522022 15.8666171204
10.3746689539 14.279506779
12.3696744939 12.3696744939
14.0253465944 10.1900107708
15.3067812102 7.79919457646
16.1890005565 5.26012514312
16.6574062366 2.63827396404
16.7079632679 -1.02306768682e-14
16.3471147931 -2.58912862743
15.5914341235 -5.06596403925
14.467027345 -7.37131861083
13.0087058559 -9.45137803865
11.2589537593 -11.2589537593
9.2667198556 -12.7545456713
7.08606796707 -13.9071914349
4.77472238344 -14.6950844741
2.39254728097 -15.1059490192
-8.34195736919e-15 -15.1371669412
-2.34340194436 -14.7956575757
-4.58056127957 -14.0975180412
-6.65819200144 -13.0674375697
-8.5280871234 -11.7379049329
-10.1482330248 -10.1482330248
-11.4837447482 -8.34342894035
-12.5076016596 -6.37294135768
-13.2011683917 -4.28931962376
-13.5544918017 -2.1468205979
-13.5663706144 6.64560493957e-15
-13.2442003583 2.09767526129
-12.6036019588 4.09515851989
-11.6678477943 5.94506539205
-10.4671040098 7.60479620816
-9.03751229023 9.03751229023
-7.42013802511 10.2129438252
-5.65981474829 11.1080118842
-3.80391686408 11.7072523094
-1.90109391483 12.0030345843
5.14161957932e-15 11.9955742876
1.85194857822 11.6927431408
3.60975576021 11.1096858764
5.23193878266 10.268258019
6.68150529291 9.1963030867
7.92679155569 7.92679155569
8.94214290208 6.49684710986
9.70842210886 4.9466881389
10.213336227 3.3185141044
10.4515773669 1.65536723176
10.4247779608 -3.83000128844e-15
10.1412859234 -1.60622189515
9.61576979405 -3.12435300053
8.86866824366 -4.51881217327
7.92550216362 -5.75821437767
6.81607082115 -6.81607082115
5.57355619462 -7.671341979
4.23356152951 -8.30883233352
2.83311134472 -8.71942014462
1.40964054869 -8.90012014946
-2.71075006694e-15 -8.85398163397
-1.36049521208 -8.58982870598
-2.63895024085 -8.12185371167
-3.80568556388 -7.46907846831
-4.83492346242 -6.65470124054
-5.70535008661 -5.70535008661
-6.40054105592 -4.65026527937
-6.90924255817 -3.52043492012
-7.22550406225 -2.34770858504
-7.34866293204 -1.16391386562
-7.28318530718 1.78386591481e-15
-7.03837148855 1.11476852901
-6.6279376293 2.15354748116
-6.06948869297 3.09255895448
-5.38390031746 3.91163254718
-4.59462935208 4.59462935208
-3.72697436413 5.12974013284
-2.80730831073 5.50965278283
-1.86230582536 5.73158797988
-0.918187182555 5.79720571461
1.04934883205e-15 5.71238898038
0.869041845941 5.48691427113
1.66814472148 5.13402154693
2.37943234509 4.66989891762
2.98834163193 4.11309939438
3.48390861754 3.48390861754
3.85893920976 2.80368344888
4.11006300748 2.09418170134
4.23767189751 1.37690306567
4.24574849719 0.672460499486
4.14159265359 -5.07198818659e-16
3.9354570537 -0.623315162872
3.64010546456 -1.1827419618
3.27030914228 -1.6663057357
2.8422984713 -2.06505071668
2.373187883 -2.373187883
1.88039253364 -2.58813828669
1.38105509195 -2.71047323214
0.891500305993 -2.74375581514
0.426733816416 -2.69429127976
-1.57415874643e-16 -2.57079632679
-0.377588479803 -2.38399983628
-0.69733920212 -2.14618938219
-0.953179126313 -1.87071936693
-1.14175980144 -1.57149754822
-1.26246714846 -1.26246714846
-1.31733736361 -0.957101618391
-1.31088345679 -0.667928482557
-1.24983973277 -0.406097546311
-1.14283406234 -0.181007133347
-1.0 -0.0
31.8616869674 -5.04639545812
30.5305949472 -9.91999163607
28.4629250985 -14.5025847047
25.7167150867 -18.6842871911
22.3661611047 -22.3661611047
18.499629008 -25.4625549021
14.217334061 -27.9030891884
9.62874998026 -29.6342452978
4.84981411166 -30.6205211934
-9.067762849e-14 -30.8451302091
-4.80066877505 -30.3102297499
-9.43458887638 -29.0366788649
-13.7894580953 -27.0633353231
-17.7609962759 -24.4459141636
-21.2554403702 -21.2554403702
-24.191753979 -17.5763380928
-26.503499413 -13.5042074516
-28.1403292154 -9.14334722058
-29.069063976 -4.60408742859
-29.2743338823 3.22656473575e-14
-28.7587725325 4.55494209198
-27.5427627825 8.9491861167
-25.6637455478 13.076331486
-23.1751132406 16.8377053606
-20.1447196356 20.1447196356
-16.6530471776 22.9209530559
-12.7910808422 25.1039096377
-8.65794446089 26.6464131331
-4.35836074553 27.5176067586
-2.03733771088e-14 27.7035375555
4.30921540891 27.2073153151
8.46378335702 26.0488467001
12.3632048766 24.2641557725
15.9144144454 21.9043123175
19.0339989011 19.0339989011
21.6501521329 15.7297562623
23.7043198623 12.0779542328
25.1524970507 8.17254170121
25.9661495411 4.11263406246
26.1327412287 -2.5602702319e-14
25.6558580977 -4.06348872584
24.5549306178 -7.97838059734
22.8645659971 -11.6500782672
20.6335113944 -14.9911235301
17.9232781666 -17.9232781666
14.8064653471 -20.3793512098
11.3648276234 -22.304730087
7.68713894153 -23.6585809683
3.86690737939 -24.4146923237
-6.61905592192e-14 -24.5619449019
-3.81776204277 -24.1044008802
-7.49297783766 -23.0610145354
-10.9369516578 -21.4649762218
-14.0678326149 -19.3627104713
-16.812557432 -16.812557432
-19.1085502867 -13.8831744318
-20.9051403116 -10.651701014
-22.164664886 -7.20173618185
-22.8632351063 -3.62118069632
-22.9911485751 1.97092255579e-14
-22.5529436628 3.5720353597
-21.567098453 7.00757507798
-20.0653864464 10.2238250484
-18.0919095482 13.1445416996
-15.7018366975 15.7018366975
-12.9598835166 17.8377493636
-9.93857440464 19.5055505363
-6.71633342217 20.6707488036
-3.37545401325 21.3117778889
-2.09991514373e-14 21.4203522483
3.32630867663 21.0014864454
6.5221723183 20.0731823706
9.510698439 18.6657966711
12.2212507844 16.8211086252
14.5911159629 14.5911159629
16.5669484406 12.0365926013
18.1059607609 9.22544779524
19.1768327212 6.23093066249
19.7603206714 3.12972733018
19.8495559215 -1.45852170743e-14
19.450029228 -3.08058199357
18.5792662883 -6.03676955862
17.2662068957 -8.79757182961
15.5503077021 -11.2979598691
13.4803952284 -13.4803952284
11.1133016861 -15.2961475175
8.51232118585 -16.7063709856
5.74552790281 -17.6829166388
2.88400064711 -18.208863454
-4.47813630584e-14 -18.2787595947
-2.8348553105 -17.8985720105
-5.55136679893 -17.0853502059
-8.08444522022 -15.8666171204
-10.3746689539 -14.279506779
-12.3696744939 -12.3696744939
-14.0253465944 -10.1900107708
-15.3067812102 -7.79919457646
-16.1890005565 -5.26012514312
-16.6574062366 -2.63827396404
-16.7079632679 1.02306768682e-14
-16.3471147931 2.58912862743
-15.5914341235 5.06596403925
-14.467027345 7.37131861083
-13.0087058559 9.45137803865
-11.2589537593 11.2589537593
-9.2667198556 12.7545456713
-7.08606796707 13.9071914349
-4.77472238344 14.6950844741
-2.39254728097 15.1059490192
8.34195736919e-15 15.1371669412
2.34340194436 14.7956575757
4.58056127957 14.0975180412
6.65819200144 13.0674375697
8.5280871234 11.7379049329
10.1482330248 10.1482330248
11.4837447482 8.34342894035
12.5076016596 6.37294135768
13.2011683917 4.28931962376
13.5544918017 2.1468205979
13.5663706144 -6.64560493957e-15
13.2442003583 -2.09767526129
12.6036019588 -4.09515851989
11.6678477943 -5.94506539205
10.4671040098 -7.60479620816
9.03751229023 -9.03751229023
7.42013802511 -10.2129438252
5.65981474829 -11.1080118842
3.80391686408 -11.7072523094
1.90109391483 -12.0030345843
-5.14161957932e-15 -11.9955742876
-1.85194857822 -11.6927431408
-3.60975576021 -11.1096858764
-5.23193878266 -10.268258019
-6.68150529291 -9.1963030867
-7.92679155569 -7.92679155569
-8.94214290208 -6.49684710986
-9.70842210886 -4.9466881389
-10.213336227 -3.3185141044
-10.4515773669 -1.65536723176
-10.4247779608 3.83000128844e-15
-10.1412859234 1.60622189515
-9.61576979405 3.12435300053
-8.86866824366 4.51881217327
-7.92550216362 5.75821437767
-6.81607082115 6.81607082115
-5.57355619462 7.671341979
-4.23356152951 8.30883233352
-2.83311134472 8.71942014462
-1.40964054869 8.90012014946
2.71075006694e-15 8.85398163397
1.36049521208 8.58982870598
2.63895024085 8.12185371167
3.80568556388 7.46907846831
4.83492346242 6.65470124054
5.70535008661 5.70535008661
6.40054105592 4.65026527937
6.90924255817 3.52043492012
7.22550406225 2.34770858504
7.34866293204 1.16391386562
7.28318530718 -1.78386591481e-15
7.03837148855 -1.11476852901
6.6279376293 -2.15354748116
6.06948869297 -3.09255895448
5.38390031746 -3.91163254718
4.59462935208 -4.59462935208
3.72697436413 -5.12974013284
2.80730831073 -5.50965278283
1.86230582536 -5.73158797988
0.918187182555 -5.79720571461
-1.04934883205e-15 -5.71238898038
-0.869041845941 -5.48691427113
-1.66814472148 -5.13402154693
-2.37943234509 -4.66989891762
-2.98834163193 -4.11309939438
-3.48390861754 -3.48390861754
-3.85893920976 -2.80368344888
-4.11006300748 -2.09418170134
-4.23767189751 -1.37690306567
-4.24574849719 -0.672460499486
-4.14159265359 5.07198818659e-16
-3.9354570537 0.623315162872
-3.64010546456 1.1827419618
-3.27030914228 1.6663057357
-2.8422984713 2.06505071668
-2.373187883 2.373187883
-1.88039253364 2.58813828669
-1.38105509195 2.71047323214
-0.891500305993 2.74375581514
-0.426733816416 2.69429127976
1.57415874643e-16 2.57079632679
0.377588479803 2.38399983628
0.69733920212 2.14618938219
0.953179126313 1.87071936693
1.14175980144 1.57149754822
1.26246714846 1.26246714846
1.31733736361 0.957101618391
1.31088345679 0.667928482557
1.24983973277 0.406097546311
1.14283406234 0.181007133347
1.0 0.0